# wl(um)  tau
  5.0052  0.00000e+00
  5.0319  0.00000e+00
  5.0586  0.00000e+00
  5.0853  0.00000e+00
  5.1119  0.00000e+00
  5.1386  0.00000e+00
  5.1653  0.00000e+00
  5.1920  0.00000e+00
  5.2187  0.00000e+00
  5.2454  0.00000e+00
  5.2721  0.00000e+00
  5.2988  0.00000e+00
  5.3255  0.00000e+00
  5.3522  0.00000e+00
  5.3789  0.00000e+00
  5.4056  0.00000e+00
  5.4323  0.00000e+00
  5.4590  0.00000e+00
  5.4856  0.00000e+00
  5.5123  0.00000e+00
  5.5390  0.00000e+00
  5.5623  0.00000e+00
  5.5924  0.00000e+00
  5.6191  0.00000e+00
  5.6724  0.00000e+00
  5.6725  1.94893e-02
  5.6992  4.28126e-02
  5.7259  1.12203e-01
  5.7526  1.87425e-01
  5.7793  2.63434e-01
  5.8060  3.31364e-01
  5.8326  3.69557e-01
  5.8593  4.03680e-01
  5.8860  4.33803e-01
  5.9127  4.42290e-01
  5.9394  4.49889e-01
  5.9661  4.54617e-01
  5.9928  4.64299e-01
  6.0195  4.99881e-01
  6.0462  5.40082e-01
  6.0729  5.44516e-01
  6.0996  5.21894e-01
  6.1262  5.20378e-01
  6.1529  5.35929e-01
  6.1796  5.41488e-01
  6.2063  5.20432e-01
  6.2330  4.73487e-01
  6.2597  4.31916e-01
  6.2864  4.32955e-01
  6.3131  4.43805e-01
  6.3398  4.35416e-01
  6.3665  4.28908e-01
  6.3932  4.23529e-01
  6.4199  4.18935e-01
  6.4465  4.19724e-01
  6.4732  4.18910e-01
  6.4999  3.95290e-01
  6.5266  3.74391e-01
  6.5533  3.65617e-01
  6.5800  3.54949e-01
  6.6067  3.43041e-01
  6.6334  3.33548e-01
  6.6601  3.27783e-01
  6.7135  3.60195e-01
  6.7669  5.56910e-01
  6.8202  8.90428e-01
  6.8736  1.00006e+00
  6.9270  7.82130e-01
  6.9804  5.03324e-01
  7.0338  3.49535e-01
  7.0872  3.06462e-01
  7.1405  3.09345e-01
  7.1939  3.84486e-01
  7.2473  5.07092e-01
  7.3007  4.58197e-01
  7.3541  2.90727e-01
  7.4075  1.77606e-01
  7.4608  1.20223e-01
  7.5142  8.73070e-02
  7.5676  6.21429e-02
  7.6210  4.46785e-02
  7.6744  3.58197e-02
  7.7278  2.11221e-02
  7.7279  0.00000e+00
  7.8345  0.00000e+00
  7.8879  0.00000e+00
  7.9413  0.00000e+00
  7.9947  0.00000e+00
  8.0481  0.00000e+00
  8.1014  0.00000e+00
  8.1548  0.00000e+00
  8.2082  0.00000e+00
  8.2616  0.00000e+00
  8.3150  0.00000e+00
  8.3684  0.00000e+00
  8.4218  0.00000e+00
  8.4751  0.00000e+00
  8.5285  0.00000e+00
  8.5819  0.00000e+00
  8.6353  0.00000e+00
  8.6887  0.00000e+00
  8.7421  0.00000e+00
  8.7954  0.00000e+00
  8.8328  0.00000e+00
  8.8396  0.00000e+00
  8.8464  0.00000e+00
  8.8532  0.00000e+00
  8.8600  0.00000e+00
  8.8668  0.00000e+00
  8.8736  0.00000e+00
  8.8805  0.00000e+00
  8.8873  0.00000e+00
  8.8941  0.00000e+00
  8.9010  0.00000e+00
  8.9078  0.00000e+00
  8.9147  0.00000e+00
  8.9215  0.00000e+00
  8.9284  0.00000e+00
  8.9353  0.00000e+00
  8.9422  0.00000e+00
  8.9490  0.00000e+00
  8.9559  0.00000e+00
  8.9628  0.00000e+00
  8.9697  0.00000e+00
  8.9766  0.00000e+00
  8.9835  0.00000e+00
  8.9904  0.00000e+00
  8.9974  0.00000e+00
  9.0043  0.00000e+00
  9.0112  0.00000e+00
  9.0182  0.00000e+00
  9.0251  0.00000e+00
  9.0320  0.00000e+00
  9.0390  0.00000e+00
  9.0459  0.00000e+00
  9.0529  0.00000e+00
  9.0599  0.00000e+00
  9.0668  0.00000e+00
  9.0738  0.00000e+00
  9.0808  0.00000e+00
  9.0878  0.00000e+00
  9.0948  0.00000e+00
  9.1018  0.00000e+00
  9.1088  0.00000e+00
  9.1158  0.00000e+00
  9.1228  0.00000e+00
  9.1298  0.00000e+00
  9.1369  0.00000e+00
  9.1439  0.00000e+00
  9.1509  0.00000e+00
  9.1580  0.00000e+00
  9.1650  0.00000e+00
  9.1721  0.00000e+00
  9.1791  0.00000e+00
  9.1862  0.00000e+00
  9.1932  0.00000e+00
  9.2003  0.00000e+00
  9.2074  0.00000e+00
  9.2145  0.00000e+00
  9.2216  0.00000e+00
  9.2287  0.00000e+00
  9.2358  0.00000e+00
  9.2429  0.00000e+00
  9.2500  0.00000e+00
  9.2571  0.00000e+00
  9.2642  0.00000e+00
  9.2714  0.00000e+00
  9.2785  0.00000e+00
  9.2857  0.00000e+00
  9.2928  0.00000e+00
  9.2999  0.00000e+00
  9.3071  0.00000e+00
  9.3143  0.00000e+00
  9.3214  0.00000e+00
  9.3286  0.00000e+00
  9.3358  0.00000e+00
  9.3430  0.00000e+00
  9.3502  0.00000e+00
  9.3574  0.00000e+00
  9.3645  0.00000e+00
  9.3718  0.00000e+00
  9.3790  0.00000e+00
  9.3862  0.00000e+00
  9.3934  0.00000e+00
  9.4006  0.00000e+00
  9.4079  0.00000e+00
  9.4151  0.00000e+00
  9.4224  0.00000e+00
  9.4296  0.00000e+00
  9.4369  0.00000e+00
  9.4441  0.00000e+00
  9.4514  0.00000e+00
  9.4587  0.00000e+00
  9.4659  0.00000e+00
  9.4732  0.00000e+00
  9.4805  0.00000e+00
  9.4878  0.00000e+00
  9.4951  0.00000e+00
  9.5024  0.00000e+00
  9.5097  0.00000e+00
  9.5170  0.00000e+00
  9.5244  0.00000e+00
  9.5317  0.00000e+00
  9.5390  0.00000e+00
  9.5464  0.00000e+00
  9.5537  0.00000e+00
  9.5611  0.00000e+00
  9.5684  0.00000e+00
  9.5758  0.00000e+00
  9.5832  0.00000e+00
  9.5905  0.00000e+00
  9.5979  0.00000e+00
  9.6053  0.00000e+00
  9.6127  0.00000e+00
  9.6201  0.00000e+00
  9.6275  0.00000e+00
  9.6349  0.00000e+00
  9.6423  0.00000e+00
  9.6497  0.00000e+00
  9.6572  0.00000e+00
  9.6646  0.00000e+00
  9.6720  0.00000e+00
  9.6795  0.00000e+00
  9.6869  0.00000e+00
  9.6944  0.00000e+00
  9.7018  0.00000e+00
  9.7093  0.00000e+00
  9.7168  0.00000e+00
  9.7242  0.00000e+00
  9.7317  0.00000e+00
  9.7392  0.00000e+00
  9.7467  0.00000e+00
  9.7542  0.00000e+00
  9.7617  0.00000e+00
  9.7692  0.00000e+00
  9.7768  0.00000e+00
  9.7843  0.00000e+00
  9.7918  0.00000e+00
  9.7993  0.00000e+00
  9.8069  0.00000e+00
  9.8144  0.00000e+00
  9.8220  0.00000e+00
  9.8295  0.00000e+00
  9.8371  0.00000e+00
  9.8447  0.00000e+00
  9.8523  0.00000e+00
  9.8598  0.00000e+00
  9.8674  0.00000e+00
  9.8750  0.00000e+00
  9.8826  0.00000e+00
  9.8902  0.00000e+00
  9.8978  0.00000e+00
  9.9054  0.00000e+00
  9.9131  0.00000e+00
  9.9207  0.00000e+00
  9.9283  0.00000e+00
  9.9360  0.00000e+00
  9.9436  0.00000e+00
  9.9513  0.00000e+00
  9.9589  0.00000e+00
  9.9666  0.00000e+00
  9.9743  0.00000e+00
  9.9819  0.00000e+00
  9.9896  0.00000e+00
  9.9973  0.00000e+00
 10.0050  0.00000e+00
 10.0127  0.00000e+00
 10.0204  0.00000e+00
 10.0281  0.00000e+00
 10.0358  0.00000e+00
 10.0436  0.00000e+00
 10.0513  0.00000e+00
 10.0590  0.00000e+00
 10.0668  0.00000e+00
 10.0745  0.00000e+00
 10.0823  0.00000e+00
 10.0900  0.00000e+00
 10.0978  0.00000e+00
 10.1056  0.00000e+00
 10.1133  0.00000e+00
 10.1211  0.00000e+00
 10.1289  0.00000e+00
 10.1367  0.00000e+00
 10.1445  0.00000e+00
 10.1523  0.00000e+00
 10.1601  0.00000e+00
 10.1679  0.00000e+00
 10.1758  0.00000e+00
 10.1836  0.00000e+00
 10.1914  0.00000e+00
 10.1993  0.00000e+00
 10.2071  0.00000e+00
 10.2150  0.00000e+00
 10.2228  0.00000e+00
 10.2307  0.00000e+00
 10.2386  0.00000e+00
 10.2465  0.00000e+00
 10.2543  0.00000e+00
 10.2622  0.00000e+00
 10.2701  0.00000e+00
 10.2780  0.00000e+00
 10.2859  0.00000e+00
 10.2938  0.00000e+00
 10.3018  0.00000e+00
 10.3097  0.00000e+00
 10.3176  0.00000e+00
 10.3256  0.00000e+00
 10.3335  0.00000e+00
 10.3415  0.00000e+00
 10.3494  0.00000e+00
 10.3574  0.00000e+00
 10.3654  0.00000e+00
 10.3733  0.00000e+00
 10.3813  0.00000e+00
 10.3893  0.00000e+00
 10.3973  0.00000e+00
 10.4053  0.00000e+00
 10.4133  0.00000e+00
 10.4213  0.00000e+00
 10.4293  0.00000e+00
 10.4374  0.00000e+00
 10.4454  0.00000e+00
 10.4534  0.00000e+00
 10.4615  0.00000e+00
 10.4695  0.00000e+00
 10.4776  0.00000e+00
 10.4857  0.00000e+00
 10.4937  0.00000e+00
 10.5018  0.00000e+00
 10.5099  0.00000e+00
 10.5180  0.00000e+00
 10.5261  0.00000e+00
 10.5342  0.00000e+00
 10.5423  0.00000e+00
 10.5504  0.00000e+00
 10.5585  0.00000e+00
 10.5666  0.00000e+00
 10.5748  0.00000e+00
 10.5829  0.00000e+00
 10.5910  0.00000e+00
 10.5992  0.00000e+00
 10.6073  0.00000e+00
 10.6155  0.00000e+00
 10.6237  0.00000e+00
 10.6319  0.00000e+00
 10.6400  0.00000e+00
 10.6482  0.00000e+00
 10.6564  0.00000e+00
 10.6646  0.00000e+00
 10.6728  0.00000e+00
 10.6810  0.00000e+00
 10.6892  0.00000e+00
 10.6975  0.00000e+00
 10.7057  0.00000e+00
 10.7139  0.00000e+00
 10.7222  0.00000e+00
 10.7304  0.00000e+00
 10.7387  0.00000e+00
 10.7470  0.00000e+00
 10.7552  0.00000e+00
 10.7635  0.00000e+00
 10.7718  0.00000e+00
 10.7801  0.00000e+00
 10.7884  0.00000e+00
 10.7967  0.00000e+00
 10.8050  0.00000e+00
 10.8133  0.00000e+00
 10.8216  0.00000e+00
 10.8300  0.00000e+00
 10.8383  0.00000e+00
 10.8466  0.00000e+00
 10.8550  0.00000e+00
 10.8633  0.00000e+00
 10.8717  0.00000e+00
 10.8801  0.00000e+00
 10.8884  0.00000e+00
 10.8968  0.00000e+00
 10.9052  0.00000e+00
 10.9136  0.00000e+00
 10.9220  0.00000e+00
 10.9304  0.00000e+00
 10.9388  0.00000e+00
 10.9472  0.00000e+00
 10.9556  0.00000e+00
 10.9641  0.00000e+00
 10.9725  0.00000e+00
 10.9810  0.00000e+00
 10.9894  0.00000e+00
 10.9979  0.00000e+00
 11.0063  0.00000e+00
 11.0148  0.00000e+00
 11.0233  0.00000e+00
 11.0317  0.00000e+00
 11.0402  0.00000e+00
 11.0487  0.00000e+00
 11.0572  0.00000e+00
 11.0657  0.00000e+00
 11.0743  0.00000e+00
 11.0828  0.00000e+00
 11.0913  0.00000e+00
 11.0998  0.00000e+00
 11.1084  0.00000e+00
 11.1169  0.00000e+00
 11.1255  0.00000e+00
 11.1341  0.00000e+00
 11.1426  0.00000e+00
 11.1512  0.00000e+00
 11.1598  0.00000e+00
 11.1684  0.00000e+00
 11.1770  0.00000e+00
 11.1856  0.00000e+00
 11.1942  0.00000e+00
 11.2028  0.00000e+00
 11.2114  0.00000e+00
 11.2200  0.00000e+00
 11.2287  0.00000e+00
 11.2373  0.00000e+00
 11.2459  0.00000e+00
 11.2546  0.00000e+00
 11.2633  0.00000e+00
 11.2719  0.00000e+00
 11.2806  0.00000e+00
 11.2893  0.00000e+00
 11.2980  0.00000e+00
 11.3067  0.00000e+00
 11.3154  0.00000e+00
 11.3241  0.00000e+00
 11.3328  0.00000e+00
 11.3415  0.00000e+00
 11.3502  0.00000e+00
 11.3590  0.00000e+00
 11.3677  0.00000e+00
 11.3765  0.00000e+00
 11.3852  0.00000e+00
 11.3940  0.00000e+00
 11.4027  0.00000e+00
 11.4115  0.00000e+00
 11.4203  0.00000e+00
 11.4291  0.00000e+00
 11.4379  0.00000e+00
 11.4467  0.00000e+00
 11.4555  0.00000e+00
 11.4643  0.00000e+00
 11.4731  0.00000e+00
 11.4820  0.00000e+00
 11.4908  0.00000e+00
 11.4996  0.00000e+00
 11.5085  0.00000e+00
 11.5173  0.00000e+00
 11.5262  0.00000e+00
 11.5351  0.00000e+00
 11.5440  0.00000e+00
 11.5528  0.00000e+00
 11.5617  0.00000e+00
 11.5706  0.00000e+00
 11.5795  0.00000e+00
 11.5884  0.00000e+00
 11.5974  0.00000e+00
 11.6063  0.00000e+00
 11.6152  0.00000e+00
 11.6241  0.00000e+00
 11.6331  0.00000e+00
 11.6420  0.00000e+00
 11.6510  0.00000e+00
 11.6600  0.00000e+00
 11.6689  0.00000e+00
 11.6779  0.00000e+00
 11.6869  0.00000e+00
 11.6959  0.00000e+00
 11.7049  0.00000e+00
 11.7139  0.00000e+00
 11.7229  0.00000e+00
 11.7320  0.00000e+00
 11.7410  0.00000e+00
 11.7500  0.00000e+00
 11.7591  0.00000e+00
 11.7681  0.00000e+00
 11.7772  0.00000e+00
 11.7862  0.00000e+00
 11.7953  0.00000e+00
 11.8044  0.00000e+00
 11.8135  0.00000e+00
 11.8225  0.00000e+00
 11.8316  0.00000e+00
 11.8407  0.00000e+00
 11.8499  0.00000e+00
 11.8590  0.00000e+00
 11.8681  0.00000e+00
 11.8772  0.00000e+00
 11.8864  0.00000e+00
 11.8955  0.00000e+00
 11.9047  0.00000e+00
 11.9138  0.00000e+00
 11.9230  0.00000e+00
 11.9322  0.00000e+00
 11.9414  0.00000e+00
 11.9505  0.00000e+00
 11.9597  0.00000e+00
 11.9689  0.00000e+00
 11.9782  0.00000e+00
 11.9874  0.00000e+00
 11.9966  0.00000e+00
 12.0058  0.00000e+00
 12.0151  0.00000e+00
 12.0243  0.00000e+00
 12.0336  0.00000e+00
 12.0428  0.00000e+00
 12.0521  0.00000e+00
 12.0614  0.00000e+00
 12.0707  0.00000e+00
 12.0799  0.00000e+00
 12.0892  0.00000e+00
 12.0985  0.00000e+00
 12.1079  0.00000e+00
 12.1172  0.00000e+00
 12.1265  0.00000e+00
 12.1358  0.00000e+00
 12.1452  0.00000e+00
 12.1545  0.00000e+00
 12.1639  0.00000e+00
 12.1732  0.00000e+00
 12.1826  0.00000e+00
 12.1920  0.00000e+00
 12.2014  0.00000e+00
 12.2107  0.00000e+00
 12.2201  0.00000e+00
 12.2295  0.00000e+00
 12.2389  0.00000e+00
 12.2484  0.00000e+00
 12.2578  0.00000e+00
 12.2672  0.00000e+00
 12.2767  0.00000e+00
 12.2861  0.00000e+00
 12.2956  0.00000e+00
 12.3050  0.00000e+00
 12.3145  0.00000e+00
 12.3240  0.00000e+00
 12.3335  0.00000e+00
 12.3429  0.00000e+00
 12.3524  0.00000e+00
 12.3620  0.00000e+00
 12.3715  0.00000e+00
 12.3810  0.00000e+00
 12.3905  0.00000e+00
 12.4001  0.00000e+00
 12.4096  0.00000e+00
 12.4191  0.00000e+00
 12.4287  0.00000e+00
 12.4383  0.00000e+00
 12.4478  0.00000e+00
 12.4574  0.00000e+00
 12.4670  0.00000e+00
 12.4766  0.00000e+00
 12.4862  0.00000e+00
 12.4958  0.00000e+00
 12.5054  0.00000e+00
 12.5150  0.00000e+00
 12.5247  0.00000e+00
 12.5343  0.00000e+00
 12.5440  0.00000e+00
 12.5536  0.00000e+00
 12.5633  0.00000e+00
 12.5729  0.00000e+00
 12.5826  0.00000e+00
 12.5923  0.00000e+00
 12.6020  0.00000e+00
 12.6117  0.00000e+00
 12.6214  0.00000e+00
 12.6311  0.00000e+00
 12.6408  0.00000e+00
 12.6505  0.00000e+00
 12.6603  0.00000e+00
 12.6700  0.00000e+00
 12.6798  0.00000e+00
 12.6895  0.00000e+00
 12.6993  0.00000e+00
 12.7091  0.00000e+00
 12.7189  0.00000e+00
 12.7286  0.00000e+00
 12.7384  0.00000e+00
 12.7482  0.00000e+00
 12.7580  0.00000e+00
 12.7679  0.00000e+00
 12.7777  0.00000e+00
 12.7875  0.00000e+00
 12.7974  0.00000e+00
 12.8072  0.00000e+00
 12.8171  0.00000e+00
 12.8269  0.00000e+00
 12.8368  0.00000e+00
 12.8467  0.00000e+00
 12.8566  0.00000e+00
 12.8665  0.00000e+00
 12.8764  0.00000e+00
 12.8863  0.00000e+00
 12.8962  0.00000e+00
 12.9061  0.00000e+00
 12.9160  0.00000e+00
 12.9260  0.00000e+00
 12.9359  0.00000e+00
 12.9459  0.00000e+00
 12.9558  0.00000e+00
 12.9658  0.00000e+00
 12.9758  0.00000e+00
 12.9858  0.00000e+00
 12.9958  0.00000e+00
 13.0058  0.00000e+00
 13.0158  0.00000e+00
 13.0258  0.00000e+00
 13.0358  0.00000e+00
 13.0458  0.00000e+00
 13.0559  0.00000e+00
 13.0659  0.00000e+00
 13.0760  0.00000e+00
 13.0860  0.00000e+00
 13.0961  0.00000e+00
 13.1062  0.00000e+00
 13.1163  0.00000e+00
 13.1264  0.00000e+00
 13.1365  0.00000e+00
 13.1466  0.00000e+00
 13.1567  0.00000e+00
 13.1668  0.00000e+00
 13.1770  0.00000e+00
 13.1871  0.00000e+00
 13.1972  0.00000e+00
 13.2074  0.00000e+00
 13.2176  0.00000e+00
 13.2277  0.00000e+00
 13.2379  0.00000e+00
 13.2481  0.00000e+00
 13.2583  0.00000e+00
 13.2685  0.00000e+00
 13.2787  0.00000e+00
 13.2889  0.00000e+00
 13.2992  0.00000e+00
 13.3094  0.00000e+00
 13.3196  0.00000e+00
 13.3299  0.00000e+00
 13.3401  0.00000e+00
 13.3504  0.00000e+00
 13.3607  0.00000e+00
 13.3710  0.00000e+00
 13.3812  0.00000e+00
 13.3915  0.00000e+00
 13.4019  0.00000e+00
 13.4122  0.00000e+00
 13.4225  0.00000e+00
 13.4328  0.00000e+00
 13.4432  0.00000e+00
 13.4535  0.00000e+00
 13.4638  0.00000e+00
 13.4742  0.00000e+00
 13.4846  0.00000e+00
 13.4950  0.00000e+00
 13.5053  0.00000e+00
 13.5157  0.00000e+00
 13.5261  0.00000e+00
 13.5365  0.00000e+00
 13.5470  0.00000e+00
 13.5574  0.00000e+00
 13.5678  0.00000e+00
 13.5783  0.00000e+00
 13.5887  0.00000e+00
 13.5992  0.00000e+00
 13.6096  0.00000e+00
 13.6201  0.00000e+00
 13.6306  0.00000e+00
 13.6411  0.00000e+00
 13.6516  0.00000e+00
 13.6621  0.00000e+00
 13.6726  0.00000e+00
 13.6831  0.00000e+00
 13.6936  0.00000e+00
 13.7042  0.00000e+00
 13.7147  0.00000e+00
 13.7253  0.00000e+00
 13.7358  0.00000e+00
 13.7464  0.00000e+00
 13.7570  0.00000e+00
 13.7676  0.00000e+00
 13.7782  0.00000e+00
 13.7888  0.00000e+00
 13.7994  0.00000e+00
 13.8100  0.00000e+00
 13.8206  0.00000e+00
 13.8313  0.00000e+00
 13.8419  0.00000e+00
 13.8526  0.00000e+00
 13.8632  0.00000e+00
 13.8739  0.00000e+00
 13.8846  0.00000e+00
 13.8952  0.00000e+00
 13.9059  0.00000e+00
 13.9166  0.00000e+00
 13.9273  0.00000e+00
 13.9381  0.00000e+00
 13.9488  0.00000e+00
 13.9595  0.00000e+00
 13.9703  0.00000e+00
 13.9810  0.00000e+00
 13.9918  0.00000e+00
 14.0025  0.00000e+00
 14.0133  0.00000e+00
 14.0241  0.00000e+00
 14.0349  0.00000e+00
 14.0457  0.00000e+00
 14.0565  0.00000e+00
 14.0673  0.00000e+00
 14.0781  0.00000e+00
 14.0890  0.00000e+00
 14.0998  0.00000e+00
 14.1107  0.00000e+00
 14.1215  0.00000e+00
 14.1324  0.00000e+00
 14.1433  0.00000e+00
 14.1542  0.00000e+00
 14.1650  0.00000e+00
 14.1759  0.00000e+00
 14.1869  0.00000e+00
 14.1978  0.00000e+00
 14.2087  0.00000e+00
 14.2196  0.00000e+00
 14.2306  0.00000e+00
 14.2415  0.00000e+00
 14.2525  0.00000e+00
 14.2635  0.00000e+00
 14.2744  0.00000e+00
 14.2854  0.00000e+00
 14.2964  0.00000e+00
 14.3074  0.00000e+00
 14.3184  0.00000e+00
 14.3294  0.00000e+00
 14.3405  0.00000e+00
 14.3515  0.00000e+00
 14.3625  0.00000e+00
 14.3736  0.00000e+00
 14.3847  0.00000e+00
 14.3957  0.00000e+00
 14.4068  0.00000e+00
 14.4179  0.00000e+00
 14.4290  0.00000e+00
 14.4401  0.00000e+00
 14.4512  0.00000e+00
 14.4623  0.00000e+00
 14.4735  0.00000e+00
 14.4846  0.00000e+00
 14.4957  0.00000e+00
 14.5069  0.00000e+00
 14.5180  0.00000e+00
 14.5292  0.00000e+00
 14.5404  0.00000e+00
 14.5516  0.00000e+00
 14.5628  0.00000e+00
 14.5740  0.00000e+00
 14.5852  0.00000e+00
 14.5964  0.00000e+00
 14.6077  0.00000e+00
 14.6189  0.00000e+00
 14.6302  0.00000e+00
 14.6414  0.00000e+00
 14.6527  0.00000e+00
 14.6640  0.00000e+00
 14.6752  0.00000e+00
 14.6865  0.00000e+00
 14.6978  0.00000e+00
 14.7092  0.00000e+00
 14.7205  0.00000e+00
 14.7318  0.00000e+00
 14.7431  0.00000e+00
 14.7545  0.00000e+00
 14.7658  0.00000e+00
 14.7772  0.00000e+00
 14.7886  0.00000e+00
 14.7999  0.00000e+00
 14.8113  0.00000e+00
 14.8227  0.00000e+00
 14.8341  0.00000e+00
 14.8456  0.00000e+00
 14.8570  0.00000e+00
 14.8684  0.00000e+00
 14.8798  0.00000e+00
 14.8913  0.00000e+00
 14.9028  0.00000e+00
 14.9142  0.00000e+00
 14.9257  0.00000e+00
 14.9372  0.00000e+00
 14.9487  0.00000e+00
 14.9602  0.00000e+00
 14.9717  0.00000e+00
 14.9832  0.00000e+00
 14.9948  0.00000e+00
 15.0063  0.00000e+00
 15.0178  0.00000e+00
 15.0294  0.00000e+00
 15.0410  0.00000e+00
 15.0525  0.00000e+00
 15.0641  0.00000e+00
 15.0757  0.00000e+00
 15.0873  0.00000e+00
 15.0989  0.00000e+00
 15.1105  0.00000e+00
 15.1222  0.00000e+00
 15.1338  0.00000e+00
 15.1455  0.00000e+00
 15.1571  0.00000e+00
 15.1688  0.00000e+00
 15.1804  0.00000e+00
 15.1921  0.00000e+00
 15.2038  0.00000e+00
 15.2155  0.00000e+00
 15.2272  0.00000e+00
 15.2389  0.00000e+00
 15.2507  0.00000e+00
 15.2624  0.00000e+00
 15.2741  0.00000e+00
 15.2859  0.00000e+00
 15.2977  0.00000e+00
 15.3094  0.00000e+00
 15.3212  0.00000e+00
 15.3330  0.00000e+00
 15.3448  0.00000e+00
 15.3566  0.00000e+00
 15.3684  0.00000e+00
 15.3803  0.00000e+00
 15.3921  0.00000e+00
 15.4039  0.00000e+00
 15.4158  0.00000e+00
 15.4277  0.00000e+00
 15.4395  0.00000e+00
 15.4514  0.00000e+00
 15.4633  0.00000e+00
 15.4752  0.00000e+00
 15.4871  0.00000e+00
 15.4990  0.00000e+00
 15.5110  0.00000e+00
 15.5229  0.00000e+00
 15.5348  0.00000e+00
 15.5468  0.00000e+00
 15.5588  0.00000e+00
 15.5707  0.00000e+00
 15.5827  0.00000e+00
 15.5947  0.00000e+00
 15.6067  0.00000e+00
 15.6187  0.00000e+00
 15.6307  0.00000e+00
 15.6428  0.00000e+00
 15.6548  0.00000e+00
 15.6668  0.00000e+00
 15.6789  0.00000e+00
 15.6910  0.00000e+00
 15.7030  0.00000e+00
 15.7151  0.00000e+00
 15.7272  0.00000e+00
 15.7393  0.00000e+00
 15.7514  0.00000e+00
 15.7635  0.00000e+00
 15.7757  0.00000e+00
 15.7878  0.00000e+00
 15.8000  0.00000e+00
 15.8121  0.00000e+00
 15.8243  0.00000e+00
 15.8365  0.00000e+00
 15.8487  0.00000e+00
 15.8609  0.00000e+00
 15.8731  0.00000e+00
 15.8853  0.00000e+00
 15.8975  0.00000e+00
 15.9097  0.00000e+00
 15.9220  0.00000e+00
 15.9342  0.00000e+00
 15.9465  0.00000e+00
 15.9588  0.00000e+00
 15.9710  0.00000e+00
 15.9833  0.00000e+00
 15.9956  0.00000e+00
 16.0079  0.00000e+00
 16.0203  0.00000e+00
 16.0326  0.00000e+00
 16.0449  0.00000e+00
 16.0573  0.00000e+00
 16.0696  0.00000e+00
 16.0820  0.00000e+00
 16.0944  0.00000e+00
 16.1068  0.00000e+00
 16.1192  0.00000e+00
 16.1316  0.00000e+00
 16.1440  0.00000e+00
 16.1564  0.00000e+00
 16.1688  0.00000e+00
 16.1813  0.00000e+00
 16.1937  0.00000e+00
 16.2062  0.00000e+00
 16.2186  0.00000e+00
 16.2311  0.00000e+00
 16.2436  0.00000e+00
 16.2561  0.00000e+00
 16.2686  0.00000e+00
 16.2812  0.00000e+00
 16.2937  0.00000e+00
 16.3062  0.00000e+00
 16.3188  0.00000e+00
 16.3313  0.00000e+00
 16.3439  0.00000e+00
 16.3565  0.00000e+00
 16.3691  0.00000e+00
 16.3816  0.00000e+00
 16.3943  0.00000e+00
 16.4069  0.00000e+00
 16.4195  0.00000e+00
 16.4321  0.00000e+00
 16.4448  0.00000e+00
 16.4574  0.00000e+00
 16.4701  0.00000e+00
 16.4828  0.00000e+00
 16.4955  0.00000e+00
 16.5082  0.00000e+00
 16.5209  0.00000e+00
 16.5336  0.00000e+00
 16.5463  0.00000e+00
 16.5590  0.00000e+00
 16.5718  0.00000e+00
 16.5845  0.00000e+00
 16.5973  0.00000e+00
 16.6101  0.00000e+00
 16.6228  0.00000e+00
 16.6356  0.00000e+00
 16.6484  0.00000e+00
 16.6612  0.00000e+00
 16.6741  0.00000e+00
 16.6869  0.00000e+00
 16.6997  0.00000e+00
 16.7126  0.00000e+00
 16.7254  0.00000e+00
 16.7383  0.00000e+00
 16.7512  0.00000e+00
 16.7641  0.00000e+00
 16.7770  0.00000e+00
 16.7899  0.00000e+00
 16.8028  0.00000e+00
 16.8157  0.00000e+00
 16.8287  0.00000e+00
 16.8416  0.00000e+00
 16.8546  0.00000e+00
 16.8676  0.00000e+00
 16.8805  0.00000e+00
 16.8935  0.00000e+00
 16.9065  0.00000e+00
 16.9195  0.00000e+00
 16.9326  0.00000e+00
 16.9456  0.00000e+00
 16.9586  0.00000e+00
 16.9717  0.00000e+00
 16.9847  0.00000e+00
 16.9978  0.00000e+00
 17.0109  0.00000e+00
 17.0240  0.00000e+00
 17.0371  0.00000e+00
 17.0502  0.00000e+00
 17.0633  0.00000e+00
 17.0765  0.00000e+00
 17.0896  0.00000e+00
 17.1027  0.00000e+00
 17.1159  0.00000e+00
 17.1291  0.00000e+00
 17.1423  0.00000e+00
 17.1554  0.00000e+00
 17.1686  0.00000e+00
 17.1819  0.00000e+00
 17.1951  0.00000e+00
 17.2083  0.00000e+00
 17.2162  0.00000e+00
 17.2305  0.00000e+00
 17.2449  0.00000e+00
 17.2593  0.00000e+00
 17.2737  0.00000e+00
 17.2881  0.00000e+00
 17.3025  0.00000e+00
 17.3169  0.00000e+00
 17.3313  0.00000e+00
 17.3458  0.00000e+00
 17.3603  0.00000e+00
 17.3747  0.00000e+00
 17.3892  0.00000e+00
 17.4037  0.00000e+00
 17.4182  0.00000e+00
 17.4327  0.00000e+00
 17.4473  0.00000e+00
 17.4618  0.00000e+00
 17.4764  0.00000e+00
 17.4909  0.00000e+00
 17.5055  0.00000e+00
 17.5201  0.00000e+00
 17.5347  0.00000e+00
 17.5493  0.00000e+00
 17.5640  0.00000e+00
 17.5786  0.00000e+00
 17.5933  0.00000e+00
 17.6079  0.00000e+00
 17.6226  0.00000e+00
 17.6373  0.00000e+00
 17.6520  0.00000e+00
 17.6667  0.00000e+00
 17.6815  0.00000e+00
 17.6962  0.00000e+00
 17.7110  0.00000e+00
 17.7257  0.00000e+00
 17.7405  0.00000e+00
 17.7553  0.00000e+00
 17.7701  0.00000e+00
 17.7849  0.00000e+00
 17.7997  0.00000e+00
 17.8146  0.00000e+00
 17.8294  0.00000e+00
 17.8443  0.00000e+00
 17.8592  0.00000e+00
 17.8741  0.00000e+00
 17.8890  0.00000e+00
 17.9039  0.00000e+00
 17.9188  0.00000e+00
 17.9337  0.00000e+00
 17.9487  0.00000e+00
 17.9636  0.00000e+00
 17.9786  0.00000e+00
 17.9936  0.00000e+00
 18.0086  0.00000e+00
 18.0236  0.00000e+00
 18.0386  0.00000e+00
 18.0537  0.00000e+00
 18.0687  0.00000e+00
 18.0838  0.00000e+00
 18.0989  0.00000e+00
 18.1140  0.00000e+00
 18.1291  0.00000e+00
 18.1442  0.00000e+00
 18.1593  0.00000e+00
 18.1744  0.00000e+00
 18.1896  0.00000e+00
 18.2048  0.00000e+00
 18.2199  0.00000e+00
 18.2351  0.00000e+00
 18.2503  0.00000e+00
 18.2656  0.00000e+00
 18.2808  0.00000e+00
 18.2960  0.00000e+00
 18.3113  0.00000e+00
 18.3265  0.00000e+00
 18.3418  0.00000e+00
 18.3571  0.00000e+00
 18.3724  0.00000e+00
 18.3877  0.00000e+00
 18.4031  0.00000e+00
 18.4184  0.00000e+00
 18.4338  0.00000e+00
 18.4491  0.00000e+00
 18.4645  0.00000e+00
 18.4799  0.00000e+00
 18.4953  0.00000e+00
 18.5107  0.00000e+00
 18.5262  0.00000e+00
 18.5416  0.00000e+00
 18.5571  0.00000e+00
 18.5725  0.00000e+00
 18.5880  0.00000e+00
 18.6035  0.00000e+00
 18.6190  0.00000e+00
 18.6345  0.00000e+00
 18.6501  0.00000e+00
 18.6656  0.00000e+00
 18.6812  0.00000e+00
 18.6968  0.00000e+00
 18.7123  0.00000e+00
 18.7279  0.00000e+00
 18.7436  0.00000e+00
 18.7592  0.00000e+00
 18.7748  0.00000e+00
 18.7905  0.00000e+00
 18.8061  0.00000e+00
 18.8218  0.00000e+00
 18.8375  0.00000e+00
 18.8532  0.00000e+00
 18.8689  0.00000e+00
 18.8847  0.00000e+00
 18.9004  0.00000e+00
 18.9162  0.00000e+00
 18.9319  0.00000e+00
 18.9477  0.00000e+00
 18.9635  0.00000e+00
 18.9793  0.00000e+00
 18.9951  0.00000e+00
 19.0110  0.00000e+00
 19.0268  0.00000e+00
 19.0427  0.00000e+00
 19.0586  0.00000e+00
 19.0745  0.00000e+00
 19.0904  0.00000e+00
 19.1063  0.00000e+00
 19.1222  0.00000e+00
 19.1381  0.00000e+00
 19.1541  0.00000e+00
 19.1701  0.00000e+00
 19.1860  0.00000e+00
 19.2020  0.00000e+00
 19.2180  0.00000e+00
 19.2341  0.00000e+00
 19.2501  0.00000e+00
 19.2662  0.00000e+00
 19.2822  0.00000e+00
 19.2983  0.00000e+00
 19.3144  0.00000e+00
 19.3305  0.00000e+00
 19.3466  0.00000e+00
 19.3627  0.00000e+00
 19.3789  0.00000e+00
 19.3950  0.00000e+00
 19.4112  0.00000e+00
 19.4274  0.00000e+00
 19.4436  0.00000e+00
 19.4598  0.00000e+00
 19.4760  0.00000e+00
 19.4922  0.00000e+00
 19.5085  0.00000e+00
 19.5248  0.00000e+00
 19.5410  0.00000e+00
 19.5573  0.00000e+00
 19.5736  0.00000e+00
 19.5899  0.00000e+00
 19.6063  0.00000e+00
 19.6226  0.00000e+00
 19.6390  0.00000e+00
 19.6554  0.00000e+00
 19.6717  0.00000e+00
 19.6881  0.00000e+00
 19.7046  0.00000e+00
 19.7210  0.00000e+00
 19.7374  0.00000e+00
 19.7539  0.00000e+00
 19.7704  0.00000e+00
 19.7868  0.00000e+00
 19.8033  0.00000e+00
 19.8198  0.00000e+00
 19.8364  0.00000e+00
 19.8529  0.00000e+00
 19.8695  0.00000e+00
 19.8860  0.00000e+00
 19.9026  0.00000e+00
 19.9192  0.00000e+00
 19.9358  0.00000e+00
 19.9524  0.00000e+00
 19.9690  0.00000e+00
 19.9857  0.00000e+00
 20.0024  0.00000e+00
 20.0190  0.00000e+00
 20.0357  0.00000e+00
 20.0524  0.00000e+00
 20.0691  0.00000e+00
 20.0859  0.00000e+00
 20.1026  0.00000e+00
 20.1194  0.00000e+00
 20.1362  0.00000e+00
 20.1529  0.00000e+00
 20.1697  0.00000e+00
 20.1866  0.00000e+00
 20.2034  0.00000e+00
 20.2202  0.00000e+00
 20.2371  0.00000e+00
 20.2540  0.00000e+00
 20.2708  0.00000e+00
 20.2877  0.00000e+00
 20.3047  0.00000e+00
 20.3216  0.00000e+00
 20.3385  0.00000e+00
 20.3555  0.00000e+00
 20.3724  0.00000e+00
 20.3894  0.00000e+00
 20.4064  0.00000e+00
 20.4234  0.00000e+00
 20.4405  0.00000e+00
 20.4575  0.00000e+00
 20.4746  0.00000e+00
 20.4916  0.00000e+00
 20.5087  0.00000e+00
 20.5258  0.00000e+00
 20.5429  0.00000e+00
 20.5601  0.00000e+00
 20.5772  0.00000e+00
 20.5944  0.00000e+00
 20.6115  0.00000e+00
 20.6287  0.00000e+00
 20.6459  0.00000e+00
 20.6631  0.00000e+00
 20.6803  0.00000e+00
 20.6976  0.00000e+00
 20.7148  0.00000e+00
 20.7321  0.00000e+00
 20.7494  0.00000e+00
 20.7667  0.00000e+00
 20.7840  0.00000e+00
 20.8013  0.00000e+00
 20.8187  0.00000e+00
 20.8360  0.00000e+00
 20.8534  0.00000e+00
 20.8708  0.00000e+00
 20.8882  0.00000e+00
 20.9056  0.00000e+00
 20.9230  0.00000e+00
 20.9405  0.00000e+00
 20.9579  0.00000e+00
 20.9754  0.00000e+00
 20.9929  0.00000e+00
 21.0104  0.00000e+00
 21.0279  0.00000e+00
 21.0454  0.00000e+00
 21.0630  0.00000e+00
 21.0805  0.00000e+00
 21.0981  0.00000e+00
 21.1157  0.00000e+00
 21.1333  0.00000e+00
 21.1509  0.00000e+00
 21.1686  0.00000e+00
 21.1862  0.00000e+00
 21.2039  0.00000e+00
 21.2215  0.00000e+00
 21.2392  0.00000e+00
 21.2569  0.00000e+00
 21.2747  0.00000e+00
 21.2924  0.00000e+00
 21.3102  0.00000e+00
 21.3279  0.00000e+00
 21.3457  0.00000e+00
 21.3635  0.00000e+00
 21.3813  0.00000e+00
 21.3991  0.00000e+00
 21.4170  0.00000e+00
 21.4348  0.00000e+00
 21.4527  0.00000e+00
 21.4706  0.00000e+00
 21.4885  0.00000e+00
 21.5064  0.00000e+00
 21.5243  0.00000e+00
 21.5423  0.00000e+00
 21.5602  0.00000e+00
 21.5782  0.00000e+00
 21.5962  0.00000e+00
 21.6142  0.00000e+00
 21.6322  0.00000e+00
 21.6502  0.00000e+00
 21.6683  0.00000e+00
 21.6864  0.00000e+00
 21.7044  0.00000e+00
 21.7225  0.00000e+00
 21.7406  0.00000e+00
 21.7588  0.00000e+00
 21.7769  0.00000e+00
 21.7951  0.00000e+00
 21.8132  0.00000e+00
 21.8314  0.00000e+00
 21.8496  0.00000e+00
 21.8678  0.00000e+00
 21.8861  0.00000e+00
 21.9043  0.00000e+00
 21.9226  0.00000e+00
 21.9408  0.00000e+00
 21.9591  0.00000e+00
 21.9774  0.00000e+00
 21.9958  0.00000e+00
 22.0141  0.00000e+00
 22.0325  0.00000e+00
 22.0508  0.00000e+00
 22.0692  0.00000e+00
 22.0876  0.00000e+00
 22.1060  0.00000e+00
 22.1244  0.00000e+00
 22.1429  0.00000e+00
 22.1614  0.00000e+00
 22.1798  0.00000e+00
 22.1983  0.00000e+00
 22.2168  0.00000e+00
 22.2353  0.00000e+00
 22.2539  0.00000e+00
 22.2724  0.00000e+00
 22.2910  0.00000e+00
 22.3096  0.00000e+00
 22.3282  0.00000e+00
 22.3468  0.00000e+00
 22.3654  0.00000e+00
 22.3841  0.00000e+00
 22.4027  0.00000e+00
 22.4214  0.00000e+00
 22.4401  0.00000e+00
 22.4588  0.00000e+00
 22.4775  0.00000e+00
 22.4963  0.00000e+00
 22.5150  0.00000e+00
 22.5338  0.00000e+00
 22.5526  0.00000e+00
 22.5714  0.00000e+00
 22.5902  0.00000e+00
 22.6090  0.00000e+00
 22.6279  0.00000e+00
 22.6468  0.00000e+00
 22.6656  0.00000e+00
 22.6845  0.00000e+00
 22.7034  0.00000e+00
 22.7224  0.00000e+00
 22.7413  0.00000e+00
 22.7603  0.00000e+00
 22.7792  0.00000e+00
 22.7982  0.00000e+00
 22.8172  0.00000e+00
 22.8363  0.00000e+00
 22.8553  0.00000e+00
 22.8744  0.00000e+00
 22.8934  0.00000e+00
 22.9125  0.00000e+00
 22.9316  0.00000e+00
 22.9507  0.00000e+00
 22.9699  0.00000e+00
 22.9890  0.00000e+00
 23.0082  0.00000e+00
 23.0274  0.00000e+00
 23.0466  0.00000e+00
 23.0658  0.00000e+00
 23.0850  0.00000e+00
 23.1043  0.00000e+00
 23.1235  0.00000e+00
 23.1428  0.00000e+00
 23.1621  0.00000e+00
 23.1814  0.00000e+00
 23.2007  0.00000e+00
 23.2201  0.00000e+00
 23.2394  0.00000e+00
 23.2588  0.00000e+00
 23.2782  0.00000e+00
 23.2976  0.00000e+00
 23.3170  0.00000e+00
 23.3365  0.00000e+00
 23.3559  0.00000e+00
 23.3754  0.00000e+00
 23.3949  0.00000e+00
 23.4144  0.00000e+00
 23.4339  0.00000e+00
 23.4534  0.00000e+00
 23.4730  0.00000e+00
 23.4925  0.00000e+00
 23.5121  0.00000e+00
 23.5317  0.00000e+00
 23.5513  0.00000e+00
 23.5710  0.00000e+00
 23.5906  0.00000e+00
 23.6103  0.00000e+00
 23.6300  0.00000e+00
 23.6497  0.00000e+00
 23.6694  0.00000e+00
 23.6891  0.00000e+00
 23.7089  0.00000e+00
 23.7286  0.00000e+00
 23.7484  0.00000e+00
 23.7682  0.00000e+00
 23.7880  0.00000e+00
 23.8079  0.00000e+00
 23.8277  0.00000e+00
 23.8476  0.00000e+00
 23.8675  0.00000e+00
 23.8874  0.00000e+00
 23.9073  0.00000e+00
 23.9272  0.00000e+00
 23.9472  0.00000e+00
 23.9671  0.00000e+00
 23.9871  0.00000e+00
 24.0071  0.00000e+00
 24.0271  0.00000e+00
 24.0472  0.00000e+00
 24.0672  0.00000e+00
 24.0873  0.00000e+00
 24.1073  0.00000e+00
 24.1274  0.00000e+00
 24.1476  0.00000e+00
 24.1677  0.00000e+00
 24.1878  0.00000e+00
 24.2080  0.00000e+00
 24.2282  0.00000e+00
 24.2484  0.00000e+00
 24.2686  0.00000e+00
 24.2888  0.00000e+00
 24.3091  0.00000e+00
 24.3293  0.00000e+00
 24.3496  0.00000e+00
 24.3699  0.00000e+00
 24.3902  0.00000e+00
 24.4106  0.00000e+00
 24.4309  0.00000e+00
 24.4513  0.00000e+00
 24.4717  0.00000e+00
 24.4921  0.00000e+00
 24.5125  0.00000e+00
 24.5329  0.00000e+00
 24.5534  0.00000e+00
 24.5739  0.00000e+00
 24.5944  0.00000e+00
 24.6149  0.00000e+00
 24.6354  0.00000e+00
 24.6559  0.00000e+00
 24.6765  0.00000e+00
 24.6970  0.00000e+00
 24.7176  0.00000e+00
 24.7382  0.00000e+00
 24.7589  0.00000e+00
 24.7795  0.00000e+00
 24.8002  0.00000e+00
 24.8208  0.00000e+00
 24.8415  0.00000e+00
 24.8622  0.00000e+00
 24.8830  0.00000e+00
 24.9037  0.00000e+00
 24.9245  0.00000e+00
 24.9453  0.00000e+00
 24.9660  0.00000e+00
 24.9869  0.00000e+00
 25.0077  0.00000e+00
 25.0285  0.00000e+00
 25.0494  0.00000e+00
 25.0703  0.00000e+00
 25.0912  0.00000e+00
 25.1121  0.00000e+00
 25.1330  0.00000e+00
 25.1540  0.00000e+00
 25.1750  0.00000e+00
 25.1959  0.00000e+00
 25.2170  0.00000e+00
 25.2380  0.00000e+00
 25.2590  0.00000e+00
 25.2801  0.00000e+00
 25.3012  0.00000e+00
 25.3223  0.00000e+00
 25.3434  0.00000e+00
 25.3645  0.00000e+00
 25.3856  0.00000e+00
 25.4068  0.00000e+00
 25.4280  0.00000e+00
 25.4492  0.00000e+00
 25.4704  0.00000e+00
 25.4916  0.00000e+00
 25.5129  0.00000e+00
 25.5341  0.00000e+00
 25.5554  0.00000e+00
 25.5767  0.00000e+00
 25.5981  0.00000e+00
 25.6194  0.00000e+00
 25.6408  0.00000e+00
 25.6621  0.00000e+00
 25.6835  0.00000e+00
 25.7049  0.00000e+00
 25.7264  0.00000e+00
 25.7478  0.00000e+00
 25.7693  0.00000e+00
 25.7908  0.00000e+00
 25.8123  0.00000e+00
 25.8338  0.00000e+00
 25.8553  0.00000e+00
 25.8769  0.00000e+00
 25.8985  0.00000e+00
 25.9200  0.00000e+00
 25.9417  0.00000e+00
 25.9633  0.00000e+00
 25.9849  0.00000e+00
 26.0066  0.00000e+00
 26.0283  0.00000e+00
 26.0500  0.00000e+00
 26.0717  0.00000e+00
 26.0934  0.00000e+00
 26.1152  0.00000e+00
 26.1369  0.00000e+00
 26.1587  0.00000e+00
 26.1805  0.00000e+00
 26.2024  0.00000e+00
 26.2242  0.00000e+00
 26.2461  0.00000e+00
 26.2680  0.00000e+00
 26.2899  0.00000e+00
 26.3118  0.00000e+00
 26.3337  0.00000e+00
 26.3557  0.00000e+00
 26.3776  0.00000e+00
 26.3996  0.00000e+00
 26.4216  0.00000e+00
 26.4437  0.00000e+00
 26.4657  0.00000e+00
 26.4878  0.00000e+00
 26.5099  0.00000e+00
 26.5320  0.00000e+00
 26.5541  0.00000e+00
 26.5762  0.00000e+00
 26.5984  0.00000e+00
 26.6205  0.00000e+00
 26.6427  0.00000e+00
 26.6650  0.00000e+00
 26.6872  0.00000e+00
 26.7094  0.00000e+00
 26.7317  0.00000e+00
 26.7540  0.00000e+00
 26.7763  0.00000e+00
 26.7986  0.00000e+00
 26.8210  0.00000e+00
 26.8433  0.00000e+00
 26.8657  0.00000e+00
 26.8881  0.00000e+00
 26.9105  0.00000e+00
 26.9329  0.00000e+00
 26.9554  0.00000e+00
 26.9779  0.00000e+00
 27.0004  0.00000e+00
 27.0229  0.00000e+00
 27.0454  0.00000e+00
 27.0679  0.00000e+00
 27.0905  0.00000e+00
 27.1131  0.00000e+00
 27.1357  0.00000e+00
 27.1583  0.00000e+00
 27.1810  0.00000e+00
 27.2036  0.00000e+00
 27.2263  0.00000e+00
 27.2490  0.00000e+00
 27.2717  0.00000e+00
 27.2944  0.00000e+00
 27.3172  0.00000e+00
 27.3400  0.00000e+00
 27.3628  0.00000e+00
 27.3856  0.00000e+00
 27.4084  0.00000e+00
 27.4313  0.00000e+00
 27.4541  0.00000e+00
 27.4770  0.00000e+00
 27.4999  0.00000e+00
 27.5229  0.00000e+00
 27.5458  0.00000e+00
 27.5688  0.00000e+00
 27.5917  0.00000e+00
 27.6147  0.00000e+00
 27.6378  0.00000e+00
 27.6608  0.00000e+00
 27.6839  0.00000e+00
 27.7070  0.00000e+00
 27.7301  0.00000e+00
 27.7532  0.00000e+00
 27.7763  0.00000e+00
 27.7995  0.00000e+00
 27.8226  0.00000e+00
 27.8458  0.00000e+00
 27.8690  0.00000e+00
 27.8923  0.00000e+00
 27.9155  0.00000e+00
 27.9388  0.00000e+00
 27.9621  0.00000e+00
 27.9854  0.00000e+00
 28.0087  0.00000e+00
 28.0321  0.00000e+00
 28.0555  0.00000e+00
 28.0789  0.00000e+00
 28.1023  0.00000e+00
 28.1257  0.00000e+00
 28.1491  0.00000e+00
 28.1726  0.00000e+00
 28.1961  0.00000e+00
 28.2196  0.00000e+00
 28.2431  0.00000e+00
 28.2667  0.00000e+00
 28.2902  0.00000e+00
 28.3138  0.00000e+00
 28.3374  0.00000e+00
 28.3611  0.00000e+00
 28.3847  0.00000e+00
 28.4084  0.00000e+00
 28.4320  0.00000e+00
 28.4557  0.00000e+00
 28.4795  0.00000e+00
 28.5032  0.00000e+00
 28.5270  0.00000e+00
 28.5507  0.00000e+00
 28.5746  0.00000e+00
 28.5984  0.00000e+00
 28.6222  0.00000e+00
 28.6461  0.00000e+00
 28.6700  0.00000e+00
 28.6939  0.00000e+00
 28.7178  0.00000e+00
 28.7417  0.00000e+00
 28.7657  0.00000e+00
 28.7897  0.00000e+00
 28.8137  0.00000e+00
 28.8377  0.00000e+00
 28.8617  0.00000e+00
 28.8858  0.00000e+00
 28.9099  0.00000e+00
 28.9340  0.00000e+00
 28.9581  0.00000e+00
 28.9822  0.00000e+00
 29.0064  0.00000e+00
 29.0306  0.00000e+00
 29.0548  0.00000e+00
 29.0790  0.00000e+00
 29.1033  0.00000e+00
 29.1275  0.00000e+00
 29.1518  0.00000e+00
 29.1761  0.00000e+00
 29.2004  0.00000e+00
 29.2248  0.00000e+00
 29.2491  0.00000e+00
 29.2735  0.00000e+00
 29.2979  0.00000e+00
 29.3223  0.00000e+00
 29.3468  0.00000e+00
 29.3713  0.00000e+00
 29.3957  0.00000e+00
 29.4203  0.00000e+00
 29.4448  0.00000e+00
 29.4693  0.00000e+00
 29.4939  0.00000e+00
 29.5185  0.00000e+00
 29.5431  0.00000e+00
 29.5677  0.00000e+00
 29.5924  0.00000e+00
 29.6170  0.00000e+00
 29.6417  0.00000e+00
 29.6664  0.00000e+00
 29.6912  0.00000e+00
 29.7159  0.00000e+00
 29.7407  0.00000e+00
 29.7655  0.00000e+00
 29.7903  0.00000e+00
 29.8152  0.00000e+00
 29.8400  0.00000e+00
 29.8649  0.00000e+00
 29.8898  0.00000e+00
 29.9147  0.00000e+00
 29.9396  0.00000e+00
 29.9646  0.00000e+00
 29.9896  0.00000e+00
 30.0146  0.00000e+00
 30.0396  0.00000e+00
 30.0647  0.00000e+00
 30.0897  0.00000e+00
 30.1148  0.00000e+00
 30.1399  0.00000e+00
 30.1650  0.00000e+00
 30.1902  0.00000e+00
 30.2153  0.00000e+00
 30.2405  0.00000e+00
 30.2657  0.00000e+00
 30.2910  0.00000e+00
 30.3162  0.00000e+00
 30.3415  0.00000e+00
 30.3668  0.00000e+00
 30.3921  0.00000e+00
 30.4175  0.00000e+00
 30.4428  0.00000e+00
 30.4682  0.00000e+00
 30.4936  0.00000e+00
 30.5190  0.00000e+00
 30.5445  0.00000e+00
 30.5699  0.00000e+00
 30.5954  0.00000e+00
 30.6209  0.00000e+00
 30.6464  0.00000e+00
 30.6720  0.00000e+00
 30.6976  0.00000e+00
 30.7232  0.00000e+00
 30.7488  0.00000e+00
 30.7744  0.00000e+00
 30.8001  0.00000e+00
 30.8257  0.00000e+00
 30.8514  0.00000e+00
 30.8772  0.00000e+00
 30.9029  0.00000e+00
 30.9287  0.00000e+00
 30.9544  0.00000e+00
 30.9803  0.00000e+00
 31.0061  0.00000e+00
 31.0319  0.00000e+00
 31.0578  0.00000e+00
 31.0837  0.00000e+00
 31.1096  0.00000e+00
 31.1355  0.00000e+00
 31.1615  0.00000e+00
 31.1875  0.00000e+00
 31.2135  0.00000e+00
 31.2395  0.00000e+00
 31.2655  0.00000e+00
 31.2916  0.00000e+00
 31.3177  0.00000e+00
 31.3438  0.00000e+00
 31.3699  0.00000e+00
 31.3961  0.00000e+00
 31.4223  0.00000e+00
 31.4485  0.00000e+00
 31.4747  0.00000e+00
 31.5009  0.00000e+00
 31.5272  0.00000e+00
 31.5535  0.00000e+00
 31.5798  0.00000e+00
 31.6061  0.00000e+00
 31.6324  0.00000e+00
 31.6588  0.00000e+00
 31.6852  0.00000e+00
 31.7116  0.00000e+00
 31.7381  0.00000e+00
 31.7645  0.00000e+00
 31.7910  0.00000e+00
 31.8175  0.00000e+00
 31.8440  0.00000e+00
 31.8706  0.00000e+00
 31.8971  0.00000e+00
 31.9237  0.00000e+00
 31.9504  0.00000e+00
 31.9770  0.00000e+00
 32.0037  0.00000e+00
 32.0303  0.00000e+00
 32.0570  0.00000e+00
 32.0838  0.00000e+00
 32.1105  0.00000e+00
 32.1373  0.00000e+00
 32.1641  0.00000e+00
 32.1909  0.00000e+00
 32.2177  0.00000e+00
 32.2446  0.00000e+00
 32.2715  0.00000e+00
 32.2984  0.00000e+00
 32.3253  0.00000e+00
 32.3522  0.00000e+00
 32.3792  0.00000e+00
 32.4062  0.00000e+00
 32.4332  0.00000e+00
 32.4603  0.00000e+00
 32.4873  0.00000e+00
 32.5144  0.00000e+00
 32.5415  0.00000e+00
 32.5686  0.00000e+00
 32.5958  0.00000e+00
 32.6230  0.00000e+00
 32.6502  0.00000e+00
 32.6774  0.00000e+00
 32.7046  0.00000e+00
 32.7319  0.00000e+00
 32.7592  0.00000e+00
 32.7865  0.00000e+00
 32.7922  0.00000e+00
 33.5560  0.00000e+00
 34.3376  0.00000e+00
 35.1374  0.00000e+00
 35.9559  0.00000e+00
 36.7934  0.00000e+00
 37.6504  0.00000e+00
 38.5274  0.00000e+00
 39.4249  0.00000e+00
 40.3432  0.00000e+00
 41.2829  0.00000e+00
 42.2445  0.00000e+00
 43.2285  0.00000e+00
 44.2354  0.00000e+00
